"DISTRICT","1999.GR8E","1999.GR9E","1999.GR12E","2000.GR8E","2000.GR9E","2000.GR12E","2001.GR8E","2001.GR9E","2001.GR12E","2002.GR8E","2002.GR9E","2002.GR12E","2003.GR8E","2003.GR9E","2003.GR12E","2004.GR8E","2004.GR9E","2004.GR12E","2005.GR8E","2005.GR9E","2005.GR12E","2006.GR8E","2006.GR9E","2006.GR12E","2007.GR8E","2007.GR9E","2007.GR12E","2008.GR8E","2008.GR9E","2008.GR12E","2009.GR8E","2009.GR9E","2009.GR12E","2010.GR8E","2010.GR9E","2010.GR12E","2011.GR8E","2011.GR9E","2011.GR12E","2012.GR8E","2012.GR9E","2012.GR12E"
"1","Adair County",193,265,152,189,228,165,193,249,167,224,269,190,205,282,175,237,257,165,231,272,176,229,255,193,205,257,191,209,223,214,200,233,189,193,210,200,206,188,181,185,208,199
"2","Allen County",225,309,207,217,275,181,244,249,192,263,280,211,233,289,187,286,261,189,220,310,207,260,251,213,268,292,204,223,284,244,227,233,204,223,233,222,235,231,220,229,225,201
"3","Anchorage Independent",43,0,0,28,0,0,41,0,0,56,0,0,52,0,0,50,0,0,61,0,0,50,0,0,43,0,0,48,0,0,48,0,0,45,0,0,39,0,0,52,0,0
"4","Anderson County",261,297,188,273,293,192,274,309,196,262,331,231,288,296,237,324,315,244,285,350,256,325,326,262,309,360,275,299,348,299,333,332,278,324,368,287,288,343,272,300,318,271
"5","Ashland Independent",293,248,220,287,321,229,286,308,227,246,307,195,268,290,257,279,288,215,261,290,232,242,276,218,275,261,203,263,272,234,244,261,224,232,256,218,262,239,236,252,247,222
"6","Augusta Independent",27,24,19,30,32,16,19,23,26,22,21,17,17,23,22,22,27,18,23,27,24,24,32,22,24,26,24,21,24,29,31,27,27,27,37,30,20,26,28,18,28,24
"7","Ballard County",112,115,99,125,117,102,124,121,99,106,131,77,109,112,99,116,119,97,103,122,96,116,108,86,102,118,87,99,108,114,118,103,94,122,116,104,107,125,102,116,108,92
"8","Barbourville Independent",63,64,53,56,68,51,52,71,37,42,52,44,54,38,58,52,62,52,49,59,38,46,43,40,59,51,53,48,61,49,40,51,32,46,54,45,57,53,59,61,55,39
"9","Bardstown Independent",134,145,113,123,148,109,151,136,122,136,158,107,147,149,111,152,169,88,160,168,122,159,173,104,191,165,126,178,201,119,176,186,117,181,168,115,197,192,145,189,193,130
"10","Barren County",277,366,248,313,342,256,315,351,213,310,343,237,356,363,247,295,426,238,349,377,246,359,407,278,384,392,349,378,422,279,394,406,327,341,423,324,355,363,379,347,379,363
"11","Bath County",125,171,131,125,138,116,177,150,116,164,188,97,143,174,98,195,160,81,161,203,123,163,182,114,159,177,120,170,165,152,151,180,136,156,165,136,163,158,140,168,175,147
"12","Beechwood Independent",80,82,74,88,90,78,77,93,77,79,79,78,76,68,79,76,85,85,84,74,79,72,79,71,82,81,86,92,93,73,93,95,72,91,91,82,99,93,99,109,102,84
"13","Bell County",233,336,263,219,334,238,279,286,204,243,325,196,245,292,222,275,290,182,281,291,209,272,301,183,239,305,187,248,266,186,259,266,189,227,260,197,223,244,175,248,238,200
"14","Bellevue Independent",57,67,62,66,57,64,79,75,51,86,99,52,86,102,53,53,105,58,78,73,66,64,89,66,62,76,59,53,75,54,61,67,59,65,60,59,66,74,52,65,74,51
"15","Berea Independent",91,85,64,91,88,72,97,101,62,87,97,68,81,83,72,79,91,77,83,95,82,90,81,67,99,101,71,82,116,79,84,88,68,83,95,77,91,91,71,116,90,67
"16","Boone County",993,1277,715,1046,1167,784,1009,1257,734,1148,1211,928,1246,1365,832,1313,1433,935,1330,1501,884,1391,1523,1081,1317,1571,1076,1455,1409,1098,1444,1535,1157,1412,1494,1224,1583,1472,1132,1552,1639,1237
"17","Bourbon County",225,240,200,208,244,156,214,218,195,234,227,175,218,255,171,227,248,170,198,275,171,213,239,184,219,257,182,216,271,202,230,259,174,207,251,190,210,239,184,218,242,203
"18","Bowling Green Independent",267,311,248,259,320,225,275,329,239,282,317,225,300,352,213,292,376,208,285,370,234,281,373,243,309,346,274,265,363,252,302,377,261,304,379,239,312,364,282,316,375,262
"19","Boyd County",260,299,246,269,287,238,250,291,200,299,294,223,271,361,231,257,290,224,213,302,232,272,250,242,257,316,242,230,275,246,258,271,217,267,263,241,238,290,216,233,265,217
"20","Boyle County",206,266,177,249,240,193,183,260,202,251,213,206,214,261,192,240,275,216,267,307,168,205,306,207,230,200,192,235,234,223,217,227,253,202,225,200,227,197,241,209,225,218
"21","Bracken County",92,98,76,110,103,90,92,115,89,107,107,82,91,118,86,96,114,81,107,109,85,103,121,82,95,116,80,93,94,68,92,98,95,92,97,92,85,97,67,102,93,73
"22","Breathitt County",201,331,146,215,301,131,175,257,119,185,231,159,196,242,142,192,277,182,191,294,138,190,253,160,219,251,152,200,262,173,187,234,173,175,203,156,157,207,205,170,315,179
"23","Breckinridge County",225,239,221,232,246,212,223,243,206,217,243,196,197,220,209,208,215,193,220,240,205,221,236,202,201,231,190,206,218,200,219,232,217,209,244,211,198,220,210,202,218,226
"24","Bullitt County",791,922,749,767,882,710,772,877,652,832,861,684,962,903,666,960,1051,706,1043,1046,685,1067,1145,735,1046,1179,806,1019,1174,808,1055,1126,881,959,1054,925,1022,1030,982,1050,1074,1006
"25","Burgin Independent",31,43,30,33,33,16,35,31,15,38,37,23,37,37,25,34,44,20,35,31,33,38,40,30,40,35,32,33,47,32,39,41,32,24,38,31,45,19,35,29,41,32
"26","Butler County",184,229,139,163,212,133,194,179,140,175,200,140,180,210,141,201,209,141,163,250,149,153,196,149,167,181,140,157,200,164,153,169,126,160,181,126,160,169,158,186,172,143
"27","Caldwell County",161,193,153,167,185,144,162,174,140,160,181,152,189,177,143,173,191,142,155,174,147,149,160,130,171,164,138,169,190,137,148,175,142,173,153,136,142,180,165,154,153,141
"28","Calloway County",245,242,232,267,252,226,253,264,236,258,252,207,250,240,230,226,239,244,249,246,228,271,243,221,252,266,239,250,250,244,230,257,226,243,236,264,260,256,261,259,259,245
"29","Campbell County",416,488,320,367,512,349,366,446,323,403,494,340,385,425,347,380,503,347,412,576,382,382,478,325,344,466,357,363,428,349,376,471,371,371,471,348,404,422,352,423,451,376
"30","Campbellsville Independent",100,99,111,110,108,108,110,112,83,93,108,80,81,97,77,122,89,96,87,102,89,88,97,62,84,82,69,71,93,94,70,70,69,74,77,70,83,79,66,78,80,52
"31","Carlisle County",58,84,63,69,73,68,66,71,52,60,66,62,80,69,53,69,91,50,62,75,44,80,72,52,50,90,65,68,62,48,55,74,61,60,58,70,54,69,51,72,56,66
"32","Carroll County",113,144,127,136,126,115,135,145,131,165,147,108,150,186,103,165,179,118,155,179,98,162,186,117,149,190,122,162,159,118,175,171,130,134,185,136,157,141,116,157,160,138
"33","Carter County",315,451,322,345,338,248,372,365,256,354,401,287,428,367,247,404,461,264,373,441,301,427,384,281,402,446,331,384,416,303,358,405,307,383,384,337,366,393,312,401,373,306
"34","Casey County",192,209,156,199,210,147,190,206,120,213,197,145,191,218,156,182,208,161,204,191,147,228,211,167,219,230,163,168,218,145,181,169,159,173,188,177,172,171,180,198,165,159
"35","Caverna Independent",77,83,67,67,84,51,63,63,48,56,71,44,50,63,57,69,71,51,65,79,53,74,58,44,61,88,48,61,78,49,45,77,45,56,54,54,53,52,47,67,66,49
"36","Christian County",675,868,491,675,867,537,713,785,480,741,782,516,737,811,530,680,784,451,721,742,507,750,823,534,715,779,537,701,730,512,690,670,533,701,741,593,689,767,550,679,736,491
"37","Clark County",393,494,293,418,455,282,383,488,314,439,466,314,426,508,279,455,431,333,449,517,325,422,527,362,478,516,339,439,505,384,420,468,355,430,442,394,437,438,420,414,447,374
"38","Clay County",328,438,203,334,414,223,314,405,181,322,376,203,335,388,199,338,388,232,305,411,224,288,370,226,296,347,212,305,339,233,289,324,222,264,330,220,248,297,193,272,280,215
"39","Clinton County",135,123,117,129,158,90,109,145,83,128,121,69,120,148,101,132,142,91,130,156,87,133,153,105,119,150,89,123,144,104,152,150,93,117,151,105,134,144,110,142,149,100
"40","Cloverport Independent",17,20,22,27,21,27,17,28,20,18,17,24,19,26,15,26,19,20,16,25,16,24,18,19,20,24,19,25,18,18,27,27,19,32,28,21,23,33,21,26,26,20
"41","Corbin Independent",162,203,197,178,189,186,185,200,167,198,187,176,155,216,152,204,184,157,194,187,172,167,200,177,170,192,157,208,185,182,199,230,206,221,214,194,237,228,170,239,247,206
"42","Covington Independent",411,361,214,391,390,194,355,409,221,363,396,208,346,364,204,354,346,199,326,371,171,336,360,224,265,379,195,283,300,201,253,305,165,227,282,188,268,267,179,254,299,191
"43","Crittenden County",103,126,137,89,114,115,119,95,95,106,119,105,114,114,104,108,127,85,115,124,104,129,125,79,114,133,102,91,121,90,92,102,106,97,108,118,105,95,95,111,109,86
"44","Cumberland County",82,112,80,81,80,71,103,78,79,97,92,83,117,98,54,101,113,61,93,108,68,93,89,80,79,104,86,83,85,66,86,93,64,84,90,77,62,87,74,73,59,82
"45","Danville Independent",139,138,78,119,158,93,143,137,110,137,157,102,162,170,101,147,169,97,147,162,121,134,161,119,132,157,130,149,146,135,135,157,120,136,147,121,121,170,102,126,121,148
"46","Daviess County",797,908,826,837,890,801,778,927,785,815,836,761,874,893,768,830,948,805,841,900,762,832,893,807,841,892,875,795,916,843,830,834,796,754,833,771,872,775,800,853,868,723
"47","Dawson Springs Independent",71,60,37,62,68,32,53,69,42,40,62,37,64,41,56,49,64,40,39,46,43,56,50,38,56,68,51,65,58,34,47,70,36,45,50,45,52,47,53,47,54,66
"48","Dayton Independent",96,109,77,86,99,62,83,113,56,93,110,42,94,99,63,89,108,53,82,104,70,73,111,61,88,72,58,74,98,53,64,79,74,68,73,45,47,60,52,77,48,55
"49","East Bernstadt Independent",45,0,0,47,0,0,53,0,0,39,0,0,55,0,0,41,0,0,45,0,0,55,0,0,45,0,0,49,0,0,49,0,0,42,0,0,44,0,0,38,0,0
"50","Edmonson County",156,180,140,154,158,121,168,169,105,164,167,200,174,171,209,155,168,209,153,161,216,164,156,256,166,160,288,171,176,270,149,164,274,160,150,266,154,161,298,137,154,286
"51","Elizabethtown Independent",146,230,177,180,198,156,172,237,144,176,213,175,180,195,147,196,227,169,177,228,167,176,209,147,181,208,148,181,207,163,166,223,147,207,209,162,212,247,173,177,248,187
"52","Elliott County",75,108,76,94,84,79,81,118,66,90,94,88,85,102,68,93,100,89,83,102,63,100,96,67,105,113,64,90,105,75,85,95,74,93,82,83,84,98,86,81,78,68
"53","Eminence Independent",40,34,25,46,42,29,34,41,22,37,30,213,37,34,125,36,36,235,43,39,187,35,47,169,52,32,184,45,46,212,46,42,178,41,43,226,36,42,197,39,31,156
"54","Erlanger-Elsmere Independent",162,169,149,167,167,135,173,193,131,174,185,103,161,202,131,187,201,125,187,206,123,202,195,137,194,263,125,183,221,166,164,238,108,167,206,147,166,172,121,141,168,130
"55","Estill County",212,250,161,194,230,160,211,216,166,220,244,161,184,236,167,205,215,129,226,238,155,201,253,154,211,240,143,189,234,166,188,210,179,175,208,174,179,192,185,201,188,165
"56","Fairview Independent",45,66,52,51,43,52,53,61,39,55,60,47,52,62,51,77,63,60,76,82,63,63,87,67,71,64,69,63,81,81,60,64,71,68,74,77,74,81,84,72,79,70
"57","Fayette County",2593,2902,1856,2531,3022,1830,2540,2900,1831,2658,2986,1903,2668,3026,1981,2650,3152,1938,2660,3107,1996,2749,3153,2060,2698,3331,2173,2590,3312,2231,2717,3186,2280,2711,3232,2381,2774,3169,2333,2894,3250,2324
"58","Fleming County",184,207,170,190,210,151,204,233,132,208,238,143,192,251,156,202,219,159,210,215,175,201,222,159,185,216,148,198,207,148,182,221,169,177,198,180,173,179,162,180,181,159
"59","Floyd County",578,694,437,601,672,469,571,687,457,519,626,435,550,598,410,584,621,434,509,638,437,485,577,405,523,548,453,482,578,451,497,531,386,485,495,433,472,526,431,422,469,414
"60","Fort Thomas Independent",195,188,183,176,217,219,198,205,195,186,213,183,208,219,209,195,226,195,193,213,188,188,217,188,165,208,207,185,188,205,182,208,197,209,224,192,220,234,180,219,264,186
"61","Frankfort Independent",67,113,58,80,107,88,60,107,83,65,102,70,69,106,66,74,102,90,70,116,91,66,105,79,67,84,74,64,99,66,60,74,79,55,68,65,53,66,54,55,64,64
"62","Franklin County",474,557,396,439,580,382,451,570,356,431,562,377,418,519,383,502,535,325,493,601,368,426,639,319,413,582,323,456,545,367,430,549,393,459,505,384,448,554,362,425,539,393
"63","Fulton County",68,81,62,80,63,38,74,76,50,70,92,52,63,80,43,78,73,54,65,90,47,44,76,50,49,50,45,62,47,59,41,59,50,37,47,36,45,40,35,37,41,45
"64","Fulton Independent",34,50,34,42,35,42,36,48,55,45,37,40,39,41,27,39,44,38,38,40,28,37,48,36,32,40,36,38,41,25,34,35,35,22,35,29,29,28,33,29,35,35
"65","Gallatin County",129,110,81,127,117,65,133,151,73,104,152,42,138,149,62,121,178,68,113,187,80,134,142,69,127,161,103,142,145,97,118,163,91,117,136,109,128,144,112,117,147,115
"66","Garrard County",195,202,131,180,207,135,195,208,149,204,209,138,214,247,146,221,249,125,221,245,127,222,253,141,222,241,155,202,246,172,188,233,164,183,197,173,203,196,204,212,220,145
"67","Glasgow Independent",169,155,142,169,174,124,139,169,126,147,148,113,164,168,122,158,171,128,173,178,103,149,186,129,169,176,113,148,166,131,167,154,130,138,168,141,161,161,164,161,161,135
"68","Grant County",246,382,186,322,351,192,313,384,149,308,396,190,310,374,161,342,332,219,313,395,229,307,390,206,313,351,215,312,331,239,302,324,274,288,304,262,317,308,259,310,305,273
"69","Graves County",346,406,299,360,383,291,361,412,295,394,415,314,393,471,280,360,458,277,359,436,295,370,459,350,357,413,376,369,390,342,380,414,376,390,428,354,373,427,350,329,390,367
"70","Grayson County",292,400,270,320,327,265,320,351,261,291,364,289,344,338,257,333,374,257,347,349,282,343,392,254,331,374,293,344,360,278,342,365,293,302,366,320,351,335,282,306,364,306
"71","Green County",129,157,112,151,147,94,139,171,127,138,152,114,124,160,119,126,138,116,125,139,111,129,141,115,147,136,111,136,153,124,136,133,113,119,136,121,139,126,151,111,145,105
"72","Greenup County",247,286,201,263,266,219,248,290,189,275,303,224,272,316,194,263,315,194,274,287,190,285,303,200,266,301,198,239,296,225,225,266,224,237,274,203,229,270,217,248,250,181
"73","Hancock County",111,105,123,129,104,97,120,128,113,118,129,89,149,120,96,150,153,111,127,145,105,142,134,104,130,149,127,124,144,134,118,122,107,129,119,126,135,139,113,124,139,111
"74","Hardin County",1096,1287,942,1086,1278,925,1044,1189,894,1091,1313,970,1118,1296,928,1149,1357,921,1129,1398,971,1110,1333,979,1125,1290,1086,1084,1292,1075,1177,1292,1029,1161,1336,1071,1080,1284,1081,1136,1239,1033
"75","Harlan County",416,539,344,441,473,336,417,486,280,363,514,367,395,405,281,425,438,282,371,450,305,373,388,272,323,369,288,364,344,283,337,357,260,319,340,267,336,327,232,308,343,259
"76","Harlan Independent",79,76,73,75,80,58,55,81,75,72,78,56,48,90,68,71,67,61,58,80,46,55,74,60,54,69,47,67,58,56,75,71,60,63,74,51,52,68,54,76,49,54
"77","Harrison County",248,304,210,272,266,219,223,311,195,260,256,208,253,297,188,269,284,232,290,278,205,236,310,217,254,277,201,251,268,213,249,268,218,243,261,214,220,264,198,260,226,207
"78","Hart County",205,183,188,184,207,142,192,199,140,192,197,146,197,207,172,190,207,170,225,195,150,163,235,169,220,194,157,180,226,160,181,186,199,173,190,168,192,179,194,216,190,173
"79","Hazard Independent",79,94,66,82,102,67,68,87,81,83,73,80,68,79,77,65,72,67,73,94,77,71,80,72,66,68,64,58,80,84,68,79,74,76,75,67,56,82,80,70,60,69
"80","Henderson County",579,614,552,554,609,507,545,564,494,583,574,488,591,649,470,553,689,471,553,622,444,526,617,482,497,610,524,567,570,482,530,622,485,487,562,499,504,551,464,509,551,543
"81","Henry County",145,188,131,190,166,145,158,208,103,166,191,134,190,172,122,186,212,150,179,203,129,168,196,121,168,215,135,187,174,169,154,199,151,162,167,156,173,176,145,165,177,167
"82","Hickman County",67,70,55,70,72,41,72,66,43,53,72,50,64,53,50,74,66,52,58,76,63,66,66,37,55,69,45,47,58,58,69,42,43,61,67,58,59,60,51,67,62,39
"83","Hopkins County",543,696,473,542,622,407,585,624,411,564,666,480,574,639,450,599,640,421,555,668,459,550,612,429,553,587,463,560,593,443,521,596,474,571,585,448,557,584,441,549,618,467
"84","Jackson County",221,257,140,184,277,131,198,235,133,194,208,138,202,221,159,191,229,116,202,201,123,163,205,138,182,168,164,170,196,156,153,190,164,164,163,132,147,170,144,172,151,152
"85","Jackson Independent",32,31,21,26,40,24,38,34,17,45,41,30,52,49,40,41,46,34,41,36,20,28,40,16,32,30,33,38,33,27,39,32,31,36,35,25,33,31,21,29,29,21
"86","Jefferson County",6443,8914,5247,6460,8614,5482,6326,8598,5045,6812,8092,5373,7044,8602,5699,7231,8779,5787,7060,9230,5536,6815,9064,5778,6936,9326,6226,7166,8881,6295,7022,8716,6340,7146,8469,6636,7497,8468,6697,7261,8679,6713
"87","Jenkins Independent",48,57,51,27,57,43,36,30,41,36,47,43,41,54,39,54,57,24,40,83,35,45,64,44,47,54,34,42,65,40,46,61,38,54,49,37,50,41,47,29,56,41
"88","Jessamine County",511,580,361,521,557,393,512,563,386,541,557,435,620,591,422,600,680,423,620,694,438,606,778,437,569,726,469,556,654,471,569,631,508,575,621,521,619,627,493,570,650,519
"89","Johnson County",291,342,241,288,307,218,338,311,240,286,366,268,316,292,242,290,324,227,294,329,257,286,303,231,328,306,242,270,332,254,278,284,247,260,282,260,305,268,274,309,300,259
"90","Kenton County",943,1049,734,1007,1063,708,984,1121,723,1044,1044,786,982,1165,739,1034,1175,749,1025,1192,841,1024,1188,841,1075,1250,822,1048,1235,857,982,1140,929,1099,1132,883,1076,1157,932,1154,1107,900
"91","Knott County",269,329,208,233,329,213,221,276,183,202,267,167,206,240,184,226,258,175,251,270,162,226,268,142,206,272,150,223,241,146,210,216,182,177,228,195,177,197,168,194,189,187
"92","Knox County",368,490,293,383,437,276,359,372,258,365,387,282,391,412,281,402,443,268,412,428,279,416,453,268,383,483,293,364,417,303,356,405,290,346,374,324,320,342,282,351,377,299
"93","LaRue County",165,217,149,158,185,152,182,165,172,192,197,167,189,195,141,224,211,122,193,239,151,188,203,154,203,187,184,179,213,195,180,186,189,202,197,173,179,205,181,198,186,167
"94","Laurel County",673,825,463,667,769,463,697,820,490,647,873,506,730,823,493,709,890,480,756,865,533,711,872,500,702,893,553,782,840,555,698,930,571,720,858,579,771,855,498,756,909,574
"95","Lawrence County",247,258,184,237,270,198,236,255,179,232,267,187,244,227,158,252,248,165,239,235,170,249,240,162,217,253,172,179,226,146,181,184,144,167,184,194,167,165,164,179,171,135
"96","Lee County",107,127,91,106,106,84,112,112,73,126,131,73,105,137,72,102,115,57,115,119,87,75,121,78,93,80,72,115,97,83,95,109,90,92,110,55,83,94,82,73,85,86
"97","Leslie County",220,220,131,168,234,142,184,190,139,190,200,163,187,205,138,165,191,122,149,183,147,168,178,124,149,213,122,159,177,107,145,151,117,147,135,131,132,131,114,145,124,128
"98","Letcher County",300,389,258,292,360,241,275,334,223,298,301,237,323,323,229,302,348,222,267,328,196,268,293,213,284,277,212,282,282,219,239,281,192,276,231,207,267,277,222,294,255,229
"99","Lewis County",210,229,138,186,249,159,192,220,149,187,212,148,200,201,138,191,210,140,220,215,123,203,225,162,194,217,149,207,206,158,177,215,175,185,192,160,190,195,173,193,206,170
"100","Lincoln County",323,373,189,326,368,224,323,385,195,311,368,224,323,328,260,337,330,284,328,346,291,326,336,279,326,352,261,326,376,263,305,366,249,325,345,263,316,353,238,285,371,252
"101","Livingston County",116,126,99,125,114,86,104,143,93,124,132,100,129,138,66,142,149,93,109,150,82,99,124,101,107,115,99,123,117,122,88,146,96,100,99,85,96,109,91,83,105,97
"102","Logan County",261,293,202,229,297,206,257,252,236,263,291,207,290,276,219,274,300,216,275,287,246,294,299,216,316,328,271,278,317,256,271,289,258,289,281,267,288,300,261,273,322,252
"103","Ludlow Independent",81,81,64,86,70,69,100,93,50,86,101,68,85,89,55,94,81,72,85,88,77,70,92,66,86,83,70,80,88,83,82,83,74,65,83,64,83,67,72,64,84,70
"104","Lyon County",86,83,49,76,91,78,63,81,51,91,66,67,86,83,74,92,90,64,93,100,58,94,95,76,76,86,83,71,83,93,62,71,84,75,64,79,62,81,74,75,70,66
"105","Madison County",697,663,568,690,696,532,730,700,530,687,821,490,741,762,565,776,793,574,792,894,631,830,885,599,744,972,671,763,858,664,817,862,676,814,848,734,840,867,690,848,835,706
"106","Magoffin County",207,278,171,181,251,168,194,212,154,183,242,173,191,216,147,225,239,122,218,243,158,185,229,154,164,197,168,174,161,191,161,174,164,179,161,165,171,166,134,171,174,158
"107","Marion County",210,249,211,223,253,218,218,259,219,235,251,195,241,265,196,235,291,186,254,256,186,250,286,191,254,280,212,235,302,199,250,288,223,247,286,196,221,267,223,243,247,218
"108","Marshall County",400,410,325,373,402,291,365,377,305,404,394,306,426,424,310,408,436,273,371,432,294,397,386,340,365,404,353,398,382,361,355,397,352,374,369,337,314,384,309,385,329,349
"109","Martin County",209,272,166,171,239,178,180,206,147,192,219,144,205,241,139,227,230,98,200,263,122,211,197,129,174,244,110,174,216,150,171,206,126,145,168,157,187,142,146,163,181,147
"110","Mason County",240,212,174,242,249,163,197,247,175,228,217,176,220,244,187,215,243,186,211,238,160,228,234,197,201,236,185,203,219,197,249,206,189,235,247,201,204,231,195,214,217,184
"111","Mayfield Independent",108,132,88,119,119,80,105,119,89,105,119,87,127,118,89,131,135,81,124,138,82,107,119,80,100,116,91,98,101,101,115,91,95,116,117,92,118,117,84,117,119,89
"112","McCracken County",521,599,531,545,562,462,526,629,471,579,593,452,560,633,437,556,652,453,559,647,425,592,601,454,571,645,479,580,651,451,574,634,454,502,652,491,550,553,432,597,597,461
"113","McCreary County",274,267,209,271,282,212,227,316,208,322,274,194,272,353,233,264,355,247,256,306,226,288,299,312,251,343,314,232,262,310,228,259,320,198,250,340,231,205,332,199,260,303
"114","McLean County",125,150,128,136,139,105,126,151,94,141,122,116,121,142,112,113,129,113,125,118,111,136,132,117,130,137,111,93,134,113,109,98,117,130,113,122,112,138,116,140,123,83
"115","Meade County",394,458,346,428,441,316,411,460,358,353,458,342,385,397,367,399,428,383,434,435,376,427,486,320,359,463,346,358,390,336,419,386,400,413,442,403,423,436,350,384,452,368
"116","Menifee County",106,117,76,106,114,100,107,120,102,89,108,109,114,110,98,87,116,124,86,94,100,96,97,115,97,119,120,86,154,102,75,132,102,96,131,110,80,117,145,76,102,131
"117","Mercer County",144,169,138,176,154,169,183,180,152,163,206,155,186,174,137,191,187,157,183,201,182,259,275,206,283,283,237,269,293,228,238,265,233,243,237,236,239,251,254,238,239,242
"118","Metcalfe County",130,117,89,110,162,108,130,140,91,140,148,60,136,157,106,139,174,88,141,175,96,159,176,101,143,170,110,126,160,111,129,154,147,122,142,129,116,130,118,114,124,104
"119","Middlesboro Independent",160,189,124,163,206,97,121,228,102,156,181,111,134,210,127,135,191,126,136,173,98,143,156,119,144,148,120,161,166,118,124,148,106,133,141,107,129,133,109,93,117,100
"120","Monroe County",159,164,151,151,174,139,149,156,128,149,159,129,150,151,137,176,165,126,176,194,129,179,186,119,155,191,107,142,163,152,165,147,143,152,182,170,140,150,142,156,138,129
"121","Montgomery County",319,348,236,292,359,249,293,317,245,334,330,222,324,387,254,351,394,224,353,440,221,351,410,270,342,402,275,319,403,289,344,358,292,344,378,335,378,362,315,407,377,289
"122","Monticello Independent",63,58,45,65,62,65,81,57,45,66,66,49,69,64,42,73,72,43,82,72,55,70,71,53,71,65,52,48,71,55,75,58,58,66,80,63,61,64,75,62,55,54
"123","Morgan County",191,249,168,170,207,146,190,188,144,196,197,163,170,211,142,191,175,140,194,217,157,173,217,153,182,202,139,154,187,153,166,181,149,157,205,146,165,186,142,151,182,120
"124","Muhlenberg County",411,511,338,377,470,363,354,438,326,408,402,447,433,460,458,395,465,424,399,445,405,396,457,452,384,400,516,397,379,537,379,392,646,367,385,747,413,360,666,438,409,539
"125","Murray Independent",96,112,88,101,100,98,110,127,133,112,125,118,123,136,108,156,127,126,124,159,146,107,136,138,121,126,106,116,129,132,121,125,108,94,128,107,119,97,105,101,131,118
"126","Nelson County",343,402,332,328,428,346,337,387,341,388,422,344,401,470,372,400,544,337,409,526,345,371,551,285,349,483,336,364,402,398,403,436,421,362,427,384,415,381,340,380,449,361
"127","Newport Independent",217,262,123,202,263,142,220,237,122,231,250,162,170,237,137,188,194,120,189,214,123,162,212,134,155,183,98,141,161,112,135,133,115,114,131,117,136,101,119,125,142,97
"128","Nicholas County",93,100,77,92,102,84,81,100,70,92,97,69,94,103,82,86,112,72,111,105,68,80,123,77,89,96,75,98,109,87,84,96,95,84,81,72,89,93,78,99,98,72
"129","Ohio County",327,373,228,331,373,247,302,373,266,341,359,266,295,373,277,323,325,281,309,348,239,307,351,259,333,353,246,302,350,287,292,343,275,283,307,253,310,291,290,292,307,266
"130","Oldham County",706,698,581,740,733,639,709,735,624,765,727,638,817,798,677,814,837,682,848,897,708,933,925,739,951,958,761,912,983,790,941,962,755,1023,961,829,972,1049,841,979,982,843
"131","Owen County",149,153,113,150,169,122,173,181,102,171,192,97,177,171,103,184,202,101,160,211,120,156,168,116,147,156,134,169,161,128,137,165,101,118,145,130,157,120,131,137,160,136
"132","Owensboro Independent",309,351,284,266,345,235,277,314,247,274,310,253,302,307,266,294,346,237,294,331,233,275,328,261,305,288,266,294,303,250,304,329,252,292,360,229,316,328,249,323,355,273
"133","Owsley County",82,83,57,74,90,55,67,78,74,57,71,58,70,54,62,62,73,57,61,56,50,59,67,47,81,63,72,82,80,51,59,81,55,58,62,51,64,57,74,61,65,74
"134","Paducah Independent",253,309,218,230,290,181,246,266,148,199,282,166,223,267,170,218,265,148,218,272,169,206,266,152,240,240,171,222,288,199,183,241,191,194,214,156,196,235,198,196,250,192
"135","Paintsville Independent",59,61,59,53,55,57,47,54,92,55,63,111,51,59,145,69,57,196,56,85,130,63,60,125,63,57,122,58,65,133,59,67,128,56,65,120,67,53,135,53,73,112
"136","Paris Independent",43,74,24,53,40,39,46,58,37,63,51,53,57,63,32,55,53,53,61,58,40,62,61,56,40,74,46,63,53,46,63,68,49,51,59,51,57,49,44,65,60,55
"137","Pendleton County",238,237,163,192,245,171,258,206,169,244,265,190,252,245,202,254,239,162,221,268,202,244,267,203,245,255,198,211,240,189,195,225,208,180,195,212,216,177,205,193,214,186
"138","Perry County",430,462,282,376,514,255,344,444,238,358,406,222,362,374,264,352,374,234,368,334,239,351,382,272,366,359,283,351,352,264,317,352,278,334,317,278,370,334,265,293,370,236
"139","Pike County",833,974,821,826,1020,728,772,947,680,835,855,615,809,916,634,818,903,624,838,892,602,814,929,649,811,883,613,799,896,645,794,809,760,811,807,724,753,845,752,761,754,692
"140","Pikeville Independent",97,109,86,102,88,98,104,104,91,106,104,87,118,87,76,90,124,92,111,94,91,108,112,71,94,100,87,85,99,78,99,79,82,82,98,88,90,83,85,114,85,75
"141","Pineville Independent",51,48,59,55,52,51,45,57,44,50,57,38,45,60,33,43,45,48,51,49,41,45,60,35,43,62,38,42,57,45,42,45,56,36,48,53,45,52,43,30,52,36
"142","Powell County",199,272,158,217,226,164,213,254,162,221,222,150,202,230,140,205,213,177,197,206,149,209,201,163,200,216,161,194,202,163,214,199,161,198,211,173,177,197,180,184,187,163
"143","Pulaski County",567,816,274,574,703,496,613,758,442,635,752,489,643,730,425,667,773,531,587,787,482,618,719,473,574,721,563,614,674,604,624,675,581,623,707,588,587,656,525,623,612,569
"144","Raceland Independent",86,94,69,70,94,73,65,85,59,88,72,71,84,88,74,91,97,72,90,110,73,78,98,89,86,84,80,72,101,87,89,92,95,98,81,73,78,107,79,77,85,76
"145","Robertson County",29,24,20,41,25,24,32,46,25,19,40,19,40,22,29,44,45,39,37,46,33,36,38,24,39,47,29,28,42,34,26,26,31,25,31,35,34,27,33,29,29,23
"146","Rockcastle County",221,271,177,222,243,185,257,257,191,245,259,195,273,255,178,258,286,193,258,282,185,244,281,203,203,256,215,243,221,229,223,251,214,224,230,205,206,230,199,217,210,220
"147","Rowan County",240,275,190,243,282,196,229,276,196,232,285,186,258,262,186,276,292,193,269,343,179,238,335,198,207,301,204,232,236,233,253,251,233,259,285,199,240,283,198,228,254,197
"148","Russell County",202,236,177,223,226,155,242,258,152,238,267,137,222,240,157,235,227,198,250,244,213,206,263,198,204,210,184,230,211,211,230,229,231,239,224,191,223,242,205,208,218,217
"149","Russell Independent",187,182,167,188,192,156,161,191,149,160,165,163,192,161,151,166,192,174,162,170,160,173,158,154,194,177,183,238,153,162,188,184,158,168,179,159,166,157,143,179,166,156
"150","Russellville Independent",91,108,80,98,84,103,83,100,91,106,84,91,100,112,76,91,111,90,110,92,71,76,93,81,66,74,85,72,65,79,79,62,100,79,88,74,73,75,67,91,73,58
"151","Science Hill Independent",39,0,0,40,0,0,32,0,0,50,0,0,43,0,0,43,0,0,35,0,0,53,0,0,41,0,0,35,0,0,28,0,0,30,0,0,42,0,0,36,0,0
"152","Scott County",397,469,341,476,431,350,428,526,351,479,480,349,507,923,337,491,560,418,572,538,388,618,612,411,584,666,443,599,632,437,645,641,540,604,694,500,639,654,486,674,699,526
"153","Shelby County",398,478,283,428,430,267,416,490,326,422,483,338,398,487,319,463,445,360,515,518,354,484,543,371,477,536,383,500,529,363,517,536,447,494,575,438,498,533,431,490,530,432
"154","Silver Grove Independent",29,24,12,18,23,23,30,33,13,28,32,18,28,30,28,25,28,17,23,25,19,32,21,15,25,22,21,29,25,19,13,29,15,16,12,23,14,15,11,20,16,19
"155","Simpson County",208,243,183,238,231,182,214,252,213,282,234,171,263,300,145,245,313,170,254,282,157,251,285,214,257,281,192,243,301,180,213,265,174,247,222,228,248,244,237,233,258,219
"156","Somerset Independent",139,156,92,117,173,119,130,146,109,121,139,99,136,148,126,118,169,114,125,148,106,106,144,110,129,118,108,104,151,114,120,118,107,98,156,105,115,114,107,101,148,96
"157","Southgate Independent",19,0,0,26,0,0,16,0,0,26,0,0,16,0,0,11,0,0,16,0,0,17,0,0,18,0,0,16,0,0,25,0,0,18,0,0,19,0,0,18,0,0
"158","Spencer County",188,172,97,174,237,96,161,199,116,160,188,130,187,204,167,203,206,153,209,253,122,220,247,172,220,252,168,253,221,178,197,277,197,225,224,196,218,247,179,233,228,244
"159","Taylor County",177,262,177,196,186,172,217,207,173,198,233,219,223,199,162,222,230,181,226,230,199,197,241,171,214,227,216,241,228,215,220,244,213,222,223,201,197,211,212,223,208,255
"160","Todd County",147,177,119,145,173,90,145,148,126,173,146,136,183,189,98,161,200,120,152,187,95,157,174,137,160,178,145,162,168,145,136,183,135,169,148,147,144,181,137,152,173,147
"161","Trigg County",158,194,106,147,187,105,196,176,115,166,207,123,161,198,110,212,180,109,179,225,138,181,196,123,170,194,142,171,185,175,166,165,135,166,165,146,161,177,151,186,170,150
"162","Trimble County",102,119,104,123,115,85,113,134,108,130,129,96,143,144,90,129,151,100,127,140,102,131,149,124,135,147,115,132,150,94,120,164,98,135,141,96,110,159,83,113,130,91
"163","Union County",219,235,195,189,246,216,163,211,280,184,202,293,191,222,299,175,243,316,160,256,319,190,205,348,138,218,357,182,165,326,178,212,331,164,216,327,175,188,309,161,194,318
"164","Walton Verona Independent",81,93,61,83,91,81,95,81,67,81,96,82,86,89,67,89,88,75,109,99,97,114,105,85,112,119,85,115,117,89,110,126,99,109,128,107,139,120,111,137,133,116
"165","Warren County",834,990,708,869,952,741,850,1013,759,862,1046,782,899,987,756,914,1027,775,959,1051,855,937,1089,792,1022,1048,880,1007,1085,873,1024,1125,909,1073,1130,908,1081,1152,980,1111,1178,1004
"166","Washington County",132,194,129,119,233,145,132,174,113,132,178,148,154,175,141,155,199,136,157,213,128,132,210,132,129,175,141,147,159,142,116,159,140,130,145,131,122,159,141,116,149,143
"167","Wayne County",205,342,179,184,327,165,214,289,150,202,325,161,186,268,166,216,194,135,203,242,190,210,222,151,175,224,159,207,202,195,184,202,158,186,193,181,200,206,160,195,202,167
"168","Webster County",162,197,128,137,183,141,155,173,149,182,187,138,163,203,142,163,170,118,172,172,133,164,185,147,162,166,152,165,171,167,163,172,161,179,164,159,183,186,132,157,175,156
"169","West Point Independent",14,0,0,15,0,0,12,0,0,22,0,0,20,0,0,10,0,0,15,0,0,21,0,0,17,0,0,13,0,0,8,0,0,15,0,0,10,0,0,15,0,0
"170","Whitley County",347,354,232,349,390,243,339,386,251,366,375,228,354,389,253,379,397,257,393,401,252,368,417,278,377,434,244,396,386,297,355,397,290,316,384,271,339,341,270,300,369,263
"171","Williamsburg Independent",56,72,59,67,61,57,56,75,52,59,62,50,47,63,59,67,55,70,70,80,48,74,66,62,68,69,56,55,74,75,52,59,67,49,53,61,58,59,66,52,58,52
"172","Williamstown Independent",42,59,29,54,46,37,55,51,44,71,57,45,71,80,38,55,82,44,72,62,44,66,76,60,73,67,54,64,70,48,69,57,60,69,61,60,79,66,61,70,75,53
"173","Wolfe County",134,132,96,112,151,75,110,118,87,77,118,89,107,75,85,120,108,89,126,110,88,106,126,73,104,101,94,87,119,79,105,97,115,93,106,83,84,94,97,101,90,82
"174","Woodford County",321,364,250,292,385,247,318,341,234,309,347,265,321,340,262,304,367,246,325,339,281,333,361,279,323,379,296,324,359,298,309,371,310,313,352,303,308,345,302,311,367,295
